data;
param m := 6;
param n := 18;
param k := 6;
param A : 1 2 3 4 5 6 :=
	1 899 893 402 91 784 766 
	2 892 380 660 771 731 91 
	3 503 750 534 448 502 959 
	4 998 360 874 396 332 220 
	5 900 65 436 37 992 602 
	6 135 49 274 11 29 984 
	7 872 825 787 502 488 187 
	8 332 929 451 733 159 313 
	9 563 415 595 787 26 60 
	10 948 997 579 720 183 2 
	11 212 640 588 148 853 356 
	12 977 32 829 109 691 525 
	13 867 217 170 774 389 753 
	14 690 480 439 406 622 206 
	15 988 887 551 598 204 418 
	16 556 442 73 668 379 338 
	17 628 949 993 638 964 44 
	18 276 461 327 148 705 968 
;
param b := 
	1 2672
	2 2134
	3 2088
	4 1744
	5 1973
	6 1702
;
