data;
param m := 6;
param n := 18;
param k := 6;
param A : 1 2 3 4 5 6 :=
	1 22 461 365 769 971 120 
	2 719 915 743 882 384 375 
	3 725 636 496 309 371 358 
	4 319 527 318 718 675 465 
	5 994 273 299 797 181 345 
	6 620 749 814 436 659 552 
	7 413 517 119 69 394 698 
	8 933 862 473 706 647 574 
	9 914 713 274 561 335 263 
	10 509 622 974 150 195 990 
	11 199 497 369 30 231 818 
	12 44 983 769 677 556 887 
	13 294 104 760 454 950 436 
	14 69 251 376 994 601 479 
	15 201 817 528 13 210 478 
	16 156 294 945 166 786 281 
	17 519 849 806 783 379 272 
	18 968 400 593 21 948 739 
;
param b := 
	1 1738
	2 2112
	3 2021
	4 1722
	5 1911
	6 1842
;
