data;
param m := 6;
param n := 18;
param k := 6;
param A : 1 2 3 4 5 6 :=
	1 151 567 277 937 977 667 
	2 512 270 269 379 275 951 
	3 706 852 700 78 850 857 
	4 585 987 546 242 937 130 
	5 430 762 125 798 507 136 
	6 647 619 168 708 7 244 
	7 106 468 771 251 832 628 
	8 367 248 3 733 33 379 
	9 251 230 796 514 491 95 
	10 28 230 853 731 92 87 
	11 470 497 736 220 962 286 
	12 114 427 922 596 826 306 
	13 429 754 873 458 433 697 
	14 16 240 100 934 14 476 
	15 116 513 624 416 913 419 
	16 159 63 819 204 662 439 
	17 215 547 581 339 336 492 
	18 698 801 345 982 745 489 
;
param b := 
	1 1270
	2 1921
	3 2013
	4 2016
	5 2094
	6 1647
;
