data;
param m := 6;
param n := 18;
param k := 6;
param A : 1 2 3 4 5 6 :=
	1 78 659 168 160 493 553 
	2 912 339 765 103 471 699 
	3 314 803 523 917 721 169 
	4 846 441 680 235 6 758 
	5 596 697 351 880 677 751 
	6 688 761 873 854 516 720 
	7 352 401 102 888 1000 84 
	8 284 792 205 893 789 113 
	9 525 893 993 758 18 28 
	10 981 515 247 416 318 486 
	11 67 616 865 775 745 422 
	12 209 657 899 397 364 926 
	13 272 549 467 443 88 872 
	14 672 759 793 530 778 932 
	15 461 10 889 803 471 915 
	16 133 279 25 818 825 838 
	17 243 436 368 580 447 616 
	18 709 299 14 987 98 420 
;
param b := 
	1 1794
	2 2130
	3 1984
	4 2459
	5 1898
	6 2215
;
