data;
param m := 6;
param n := 18;
param k := 6;
param A : 1 2 3 4 5 6 :=
	1 222 496 99 873 896 464 
	2 26 425 718 387 834 928 
	3 405 590 322 819 920 970 
	4 733 919 882 618 559 35 
	5 283 812 394 405 560 875 
	6 319 55 764 711 346 121 
	7 600 742 836 11 849 676 
	8 139 765 478 664 822 374 
	9 345 814 185 553 836 97 
	10 404 508 55 812 397 259 
	11 631 948 225 353 143 490 
	12 185 5 791 613 236 486 
	13 49 533 394 601 870 217 
	14 20 740 71 442 979 343 
	15 701 523 206 180 259 268 
	16 968 690 285 806 206 324 
	17 957 275 677 441 502 318 
	18 689 541 137 87 696 857 
;
param b := 
	1 1728
	2 2336
	3 1692
	4 2110
	5 2455
	6 1823
;
