data;
param m := 6;
param n := 18;
param k := 6;
param A : 1 2 3 4 5 6 :=
	1 900 24 475 673 485 464 
	2 468 431 956 430 690 319 
	3 451 160 585 812 264 374 
	4 719 605 643 12 897 662 
	5 126 726 299 256 743 415 
	6 557 169 498 671 571 436 
	7 779 819 377 174 416 371 
	8 931 845 185 667 327 343 
	9 227 133 803 468 992 899 
	10 872 576 937 406 432 977 
	11 777 563 537 55 424 989 
	12 383 295 49 265 696 611 
	13 412 598 588 611 852 78 
	14 160 298 976 449 714 306 
	15 313 597 121 13 302 771 
	16 914 933 264 868 391 449 
	17 537 291 195 278 463 469 
	18 723 206 129 991 972 658 
;
param b := 
	1 1948
	2 1572
	3 1638
	4 1539
	5 2020
	6 1823
;
