data;
param m := 6;
param n := 18;
param k := 6;
param A : 1 2 3 4 5 6 :=
	1 254 282 179 506 480 193 
	2 940 262 86 853 581 448 
	3 301 360 369 928 747 554 
	4 305 390 593 222 170 60 
	5 368 563 123 844 480 77 
	6 775 501 444 268 788 764 
	7 298 420 713 728 95 528 
	8 107 693 925 365 674 617 
	9 631 435 99 650 94 627 
	10 111 944 568 217 459 962 
	11 215 877 623 749 464 418 
	12 232 565 214 188 849 110 
	13 360 664 715 141 554 877 
	14 492 375 967 237 996 650 
	15 366 344 314 120 787 943 
	16 425 48 374 818 722 700 
	17 237 705 114 811 729 195 
	18 847 669 270 349 921 413 
;
param b := 
	1 1320
	2 1653
	3 1398
	4 1634
	5 1924
	6 1660
;
