data;
param m := 6;
param n := 18;
param k := 6;
param A : 1 2 3 4 5 6 :=
	1 795 146 36 947 622 134 
	2 995 787 204 826 57 842 
	3 605 624 592 547 669 651 
	4 59 273 768 35 727 625 
	5 824 149 906 547 438 617 
	6 644 446 259 702 254 903 
	7 952 483 7 802 965 88 
	8 477 317 243 25 605 554 
	9 626 832 620 816 196 386 
	10 443 787 585 965 339 295 
	11 653 478 483 478 388 130 
	12 705 601 268 249 251 493 
	13 67 272 773 178 753 359 
	14 367 83 595 409 285 187 
	15 273 465 703 829 810 600 
	16 273 481 311 306 725 215 
	17 81 67 601 517 673 132 
	18 229 311 194 272 588 706 
;
param b := 
	1 1557
	2 1306
	3 1399
	4 1623
	5 1605
	6 1360
;
