data;
param m := 6;
param n := 18;
param k := 6;
param A : 1 2 3 4 5 6 :=
	1 498 502 643 960 882 83 
	2 833 913 324 948 578 359 
	3 135 898 436 557 881 526 
	4 628 241 952 523 108 148 
	5 431 674 738 977 839 581 
	6 633 669 804 437 325 321 
	7 609 961 516 720 778 432 
	8 95 939 591 404 407 655 
	9 556 545 525 939 201 347 
	10 942 621 272 290 412 174 
	11 86 645 110 637 75 21 
	12 259 510 503 119 954 716 
	13 518 439 339 328 858 305 
	14 700 461 819 468 575 871 
	15 773 644 75 921 733 999 
	16 186 963 405 806 197 257 
	17 41 457 222 831 878 623 
	18 509 156 886 616 401 575 
;
param b := 
	1 1799
	2 2398
	3 1955
	4 2450
	5 2151
	6 1706
;
