data;
param m := 6;
param n := 18;
param k := 6;
param A : 1 2 3 4 5 6 :=
	1 606 299 157 660 727 103 
	2 529 203 712 116 661 342 
	3 65 129 520 886 411 492 
	4 957 236 895 479 979 434 
	5 576 259 441 644 459 963 
	6 873 346 878 345 631 633 
	7 365 464 673 908 574 810 
	8 558 66 703 265 178 418 
	9 86 500 251 786 799 716 
	10 456 66 998 835 937 645 
	11 736 892 369 193 671 894 
	12 782 319 941 876 481 585 
	13 595 998 787 656 29 742 
	14 122 254 644 691 919 403 
	15 734 970 193 726 832 415 
	16 944 805 439 60 345 745 
	17 295 341 93 415 826 742 
	18 458 556 580 226 158 574 
;
param b := 
	1 1640
	2 1297
	3 1730
	4 1645
	5 1788
	6 1794
;
