data;
param m := 6;
param n := 18;
param k := 6;
param A : 1 2 3 4 5 6 :=
	1 197 983 458 968 613 528 
	2 333 318 658 102 297 280 
	3 677 234 91 787 538 699 
	4 614 279 861 164 579 886 
	5 607 49 312 346 160 422 
	6 557 641 878 192 586 572 
	7 128 383 674 468 278 519 
	8 320 572 912 516 539 417 
	9 962 68 491 733 545 546 
	10 629 669 195 317 762 511 
	11 242 583 617 81 945 160 
	12 419 593 445 42 70 207 
	13 387 907 318 240 844 920 
	14 663 27 475 560 375 247 
	15 990 346 541 945 269 485 
	16 257 760 443 68 381 88 
	17 579 35 48 997 336 984 
	18 632 216 874 316 386 873 
;
param b := 
	1 1808
	2 1508
	3 1828
	4 1543
	5 1673
	6 1838
;
