data;
param m := 6;
param n := 18;
param k := 6;
param A : 1 2 3 4 5 6 :=
	1 907 356 772 517 721 511 
	2 403 916 467 470 678 666 
	3 611 791 111 47 82 304 
	4 847 771 778 432 798 17 
	5 966 224 90 312 339 765 
	6 407 961 105 677 298 868 
	7 472 845 973 844 547 144 
	8 806 453 572 487 211 608 
	9 729 87 363 94 958 483 
	10 193 203 380 841 731 178 
	11 184 789 957 568 565 725 
	12 321 761 744 72 377 963 
	13 818 543 475 809 725 379 
	14 719 903 353 279 469 791 
	15 704 690 610 95 506 46 
	16 632 181 351 941 570 242 
	17 770 482 258 408 472 308 
	18 953 598 78 524 860 188 
;
param b := 
	1 2289
	2 2111
	3 1688
	4 1684
	5 1982
	6 1638
;
