data;
param m := 6;
param n := 18;
param k := 6;
param A : 1 2 3 4 5 6 :=
	1 759 567 742 67 663 195 
	2 948 443 790 541 940 829 
	3 258 505 708 810 125 48 
	4 477 51 980 81 30 574 
	5 402 760 669 187 962 2 
	6 942 728 64 261 684 581 
	7 62 764 973 647 34 561 
	8 29 194 421 420 939 746 
	9 826 978 757 886 752 80 
	10 690 49 188 782 977 939 
	11 386 945 180 370 515 629 
	12 182 759 256 965 318 206 
	13 632 478 777 98 8 668 
	14 907 438 505 744 869 669 
	15 177 143 188 803 425 762 
	16 925 155 511 259 782 280 
	17 40 980 962 615 518 320 
	18 1 544 211 973 590 238 
;
param b := 
	1 1715
	2 1881
	3 1960
	4 1886
	5 2010
	6 1652
;
