data;
param m := 6;
param n := 18;
param k := 6;
param A : 1 2 3 4 5 6 :=
	1 963 590 95 369 523 249 
	2 6 820 263 228 70 798 
	3 58 195 844 334 214 777 
	4 790 31 448 917 932 858 
	5 767 98 91 297 207 598 
	6 376 273 519 313 732 83 
	7 733 45 871 812 735 13 
	8 515 541 953 88 858 124 
	9 625 500 977 476 990 192 
	10 445 406 628 73 234 838 
	11 959 773 551 463 753 111 
	12 445 934 689 321 256 473 
	13 910 468 958 353 910 729 
	14 645 824 181 287 373 578 
	15 494 779 788 933 599 655 
	16 11 48 605 655 728 440 
	17 211 416 258 864 374 655 
	18 834 855 946 439 882 770 
;
param b := 
	1 1746
	2 1533
	3 1902
	4 1467
	5 1850
	6 1595
;
