data;
param m := 6;
param n := 18;
param k := 6;
param A : 1 2 3 4 5 6 :=
	1 654 979 151 693 680 371 
	2 749 843 472 460 325 535 
	3 306 578 222 889 958 551 
	4 211 369 489 741 292 144 
	5 43 2 94 15 233 851 
	6 486 384 403 295 5 658 
	7 397 381 925 401 984 11 
	8 264 921 646 411 528 51 
	9 178 462 421 237 466 666 
	10 312 25 212 847 769 358 
	11 111 824 112 451 649 220 
	12 739 190 764 509 207 864 
	13 527 26 124 921 905 117 
	14 559 560 273 892 268 45 
	15 97 693 651 194 557 424 
	16 744 820 173 603 248 888 
	17 807 709 91 332 457 310 
	18 636 260 473 675 12 608 
;
param b := 
	1 1643
	2 1896
	3 1407
	4 2009
	5 1795
	6 1612
;
