data;
param m := 6;
param n := 18;
param k := 6;
param A : 1 2 3 4 5 6 :=
	1 430 737 558 543 17 578 
	2 186 276 217 264 312 577 
	3 819 148 818 690 462 654 
	4 952 200 283 440 417 239 
	5 854 218 190 884 94 99 
	6 583 769 838 732 421 306 
	7 189 374 744 315 690 956 
	8 39 536 327 513 702 285 
	9 770 137 832 429 352 384 
	10 574 902 497 462 598 578 
	11 788 871 424 811 249 742 
	12 317 421 894 680 176 106 
	13 671 15 480 834 808 118 
	14 315 182 706 10 664 713 
	15 318 638 339 238 963 23 
	16 126 751 644 12 361 179 
	17 698 833 600 269 288 240 
	18 42 722 402 256 911 380 
;
param b := 
	1 1532
	2 1543
	3 1731
	4 1481
	5 1500
	6 1265
;
