data;
param m := 6;
param n := 18;
param k := 6;
param A : 1 2 3 4 5 6 :=
	1 650 338 439 878 704 249 
	2 953 615 529 158 79 286 
	3 324 451 390 177 378 7 
	4 716 812 945 6 411 900 
	5 456 184 432 969 334 671 
	6 741 726 914 178 382 255 
	7 763 353 988 164 353 192 
	8 161 745 675 833 665 672 
	9 26 121 880 740 328 897 
	10 503 294 303 362 567 694 
	11 472 700 847 880 707 722 
	12 309 750 345 908 408 566 
	13 655 781 329 787 921 1000 
	14 239 418 54 815 613 704 
	15 132 320 284 914 747 891 
	16 698 764 883 830 597 806 
	17 205 342 748 611 935 357 
	18 785 368 790 344 883 27 
;
param b := 
	1 1905
	2 1968
	3 2335
	4 2287
	5 2170
	6 2145
;
