data;
param m := 6;
param n := 18;
param k := 6;
param A : 1 2 3 4 5 6 :=
	1 958 221 299 408 898 857 
	2 838 595 894 673 329 871 
	3 438 536 293 632 743 964 
	4 269 216 20 173 101 721 
	5 133 209 926 881 778 883 
	6 615 780 823 477 808 595 
	7 563 421 538 232 98 61 
	8 229 444 96 754 181 173 
	9 883 820 528 363 241 545 
	10 960 935 599 967 313 417 
	11 579 411 70 697 136 624 
	12 761 635 611 352 825 973 
	13 94 986 577 453 997 884 
	14 491 796 798 473 87 221 
	15 513 704 597 539 987 948 
	16 153 906 288 184 830 609 
	17 341 477 450 424 600 788 
	18 980 10 88 879 458 261 
;
param b := 
	1 1993
	2 2055
	3 1728
	4 1945
	5 1914
	6 2317
;
