data;
param m := 6;
param n := 18;
param k := 6;
param A : 1 2 3 4 5 6 :=
	1 650 470 484 350 49 146 
	2 425 391 549 399 974 976 
	3 644 772 979 219 296 163 
	4 475 744 391 857 990 517 
	5 198 292 310 64 393 487 
	6 729 936 369 4 587 354 
	7 558 847 423 634 696 162 
	8 344 642 690 853 278 858 
	9 421 973 27 672 483 593 
	10 935 431 163 761 62 840 
	11 467 454 959 384 623 723 
	12 383 134 576 491 828 961 
	13 904 264 661 434 761 275 
	14 508 864 306 492 852 753 
	15 836 829 480 317 669 55 
	16 82 166 344 274 559 519 
	17 647 616 644 230 49 662 
	18 835 736 619 536 889 758 
;
param b := 
	1 1892
	2 1989
	3 1691
	4 1502
	5 1891
	6 1847
;
