data;
param m := 6;
param n := 18;
param k := 6;
param A : 1 2 3 4 5 6 :=
	1 339 803 618 313 368 790 
	2 732 547 695 931 227 811 
	3 329 17 714 76 222 524 
	4 923 325 186 144 374 477 
	5 337 479 418 246 940 451 
	6 830 342 259 419 848 841 
	7 124 607 203 808 983 441 
	8 147 785 557 458 41 509 
	9 554 716 914 647 591 652 
	10 235 449 89 97 534 697 
	11 312 493 113 569 132 320 
	12 438 682 47 576 477 344 
	13 450 728 360 3 893 964 
	14 770 386 886 631 591 318 
	15 91 632 558 933 725 484 
	16 33 906 168 666 25 574 
	17 384 467 154 283 406 238 
	18 696 226 364 623 968 457 
;
param b := 
	1 1429
	2 1775
	3 1352
	4 1559
	5 1729
	6 1831
;
