data;
param m := 6;
param n := 18;
param k := 6;
param A : 1 2 3 4 5 6 :=
	1 545 359 497 530 866 890 
	2 680 981 580 952 582 32 
	3 481 136 246 128 867 530 
	4 402 166 537 605 58 788 
	5 705 120 298 715 796 260 
	6 688 223 913 518 195 382 
	7 943 205 999 447 204 69 
	8 338 252 164 880 962 470 
	9 401 995 793 949 359 142 
	10 621 653 360 319 120 121 
	11 484 720 59 20 609 26 
	12 295 319 171 297 62 492 
	13 591 804 727 753 710 100 
	14 167 911 166 226 878 20 
	15 748 482 563 699 422 682 
	16 781 170 456 99 754 119 
	17 577 541 736 744 445 687 
	18 91 346 345 72 325 490 
;
param b := 
	1 1654
	2 1454
	3 1493
	4 1552
	5 1598
	6 1092
;
