data;
param m := 6;
param n := 18;
param k := 6;
param A : 1 2 3 4 5 6 :=
	1 291 579 193 983 677 512 
	2 82 403 516 239 429 41 
	3 398 859 425 43 617 699 
	4 882 189 296 878 407 454 
	5 537 783 134 273 785 269 
	6 195 564 29 11 797 252 
	7 528 32 56 734 892 271 
	8 304 810 435 940 590 539 
	9 286 589 926 445 401 530 
	10 203 505 561 151 185 523 
	11 451 347 272 436 887 497 
	12 694 119 413 275 500 691 
	13 762 651 344 479 111 353 
	14 590 411 15 125 253 18 
	15 425 175 816 335 5 313 
	16 953 598 118 34 178 911 
	17 563 666 134 866 93 265 
	18 951 869 11 21 773 523 
;
param b := 
	1 1744
	2 1754
	3 1092
	4 1394
	5 1645
	6 1469
;
