data;
param m := 6;
param n := 18;
param k := 6;
param A : 1 2 3 4 5 6 :=
	1 108 872 818 921 832 845 
	2 829 109 636 302 204 525 
	3 112 186 962 123 754 118 
	4 126 773 45 924 170 992 
	5 903 76 252 470 899 928 
	6 464 337 982 33 847 324 
	7 71 548 188 344 891 883 
	8 385 788 944 838 80 33 
	9 967 223 766 800 935 812 
	10 71 121 813 888 144 439 
	11 201 695 906 136 487 89 
	12 607 896 731 697 912 939 
	13 740 315 258 327 2 4 
	14 238 213 75 795 774 190 
	15 4 745 310 537 135 623 
	16 629 154 666 864 754 649 
	17 416 711 249 774 1 767 
	18 637 735 199 390 959 546 
;
param b := 
	1 1552
	2 1757
	3 2026
	4 2101
	5 2022
	6 2006
;
