data;
param m := 6;
param n := 18;
param k := 6;
param A : 1 2 3 4 5 6 :=
	1 18 364 626 223 884 92 
	2 859 974 695 357 926 147 
	3 268 840 273 212 820 92 
	4 765 541 732 834 980 88 
	5 711 439 427 972 418 988 
	6 817 248 331 887 1 505 
	7 72 950 766 840 46 989 
	8 527 800 406 308 763 402 
	9 219 270 850 360 668 119 
	10 794 938 365 699 299 916 
	11 170 730 289 952 924 121 
	12 712 510 368 401 374 505 
	13 500 207 558 512 372 740 
	14 474 929 86 13 488 10 
	15 175 543 412 167 397 671 
	16 32 225 237 590 239 584 
	17 420 67 400 913 389 770 
	18 747 910 848 351 512 564 
;
param b := 
	1 1822
	2 2307
	3 1908
	4 2111
	5 2090
	6 1827
;
