data;
param m := 6;
param n := 18;
param k := 6;
param A : 1 2 3 4 5 6 :=
	1 619 881 1000 13 847 654 
	2 133 684 176 825 406 276 
	3 453 518 903 613 818 425 
	4 333 226 528 655 465 465 
	5 779 261 850 989 823 343 
	6 778 403 272 110 941 852 
	7 604 696 672 246 578 473 
	8 742 902 428 111 329 99 
	9 885 457 897 477 790 159 
	10 925 358 60 570 498 456 
	11 672 181 790 415 11 925 
	12 774 635 890 154 667 897 
	13 794 869 460 42 707 90 
	14 427 315 318 370 466 472 
	15 221 769 678 174 195 437 
	16 863 677 145 261 0 283 
	17 235 768 631 538 43 768 
	18 401 804 530 774 566 50 
;
param b := 
	1 2057
	2 2012
	3 1978
	4 1419
	5 1769
	6 1571
;
