data;
param m := 6;
param n := 18;
param k := 6;
param A : 1 2 3 4 5 6 :=
	1 692 649 382 962 680 271 
	2 468 850 406 147 508 718 
	3 387 273 95 278 419 698 
	4 571 433 997 702 581 271 
	5 30 620 792 13 192 719 
	6 930 429 435 956 830 258 
	7 939 879 183 616 277 430 
	8 649 582 695 471 416 737 
	9 864 519 188 526 325 737 
	10 108 556 469 121 692 700 
	11 113 774 613 769 310 571 
	12 979 765 219 418 564 9 
	13 412 991 270 993 595 434 
	14 459 44 820 37 12 496 
	15 103 913 662 603 210 339 
	16 925 708 644 204 632 710 
	17 17 990 640 135 236 105 
	18 368 139 725 741 884 52 
;
param b := 
	1 1533
	2 1890
	3 1570
	4 1478
	5 1422
	6 1404
;
