data;
param m := 6;
param n := 18;
param k := 6;
param A : 1 2 3 4 5 6 :=
	1 729 11 541 133 222 40 
	2 540 154 747 621 396 625 
	3 165 417 696 21 152 941 
	4 879 650 579 666 931 420 
	5 302 772 242 792 539 290 
	6 711 468 760 666 315 259 
	7 652 532 325 328 381 230 
	8 517 184 761 646 925 612 
	9 790 103 616 613 146 155 
	10 500 333 700 414 886 405 
	11 361 87 820 341 542 522 
	12 881 114 173 176 260 439 
	13 695 587 72 780 322 188 
	14 47 833 744 546 924 385 
	15 1 441 514 72 849 875 
	16 519 930 576 988 425 875 
	17 446 241 241 812 68 375 
	18 441 869 455 857 345 886 
;
param b := 
	1 1790
	2 1507
	3 1865
	4 1848
	5 1683
	6 1662
;
