data;
param m := 6;
param n := 18;
param k := 6;
param A : 1 2 3 4 5 6 :=
	1 419 877 107 60 315 985 
	2 488 881 221 104 210 539 
	3 682 335 756 78 166 68 
	4 149 201 316 962 434 514 
	5 266 466 905 856 459 307 
	6 731 892 639 788 385 436 
	7 260 176 133 974 15 806 
	8 670 830 357 492 586 24 
	9 542 370 33 913 262 307 
	10 388 746 911 679 227 434 
	11 597 834 18 806 675 652 
	12 777 417 506 363 717 576 
	13 312 176 362 285 527 255 
	14 645 590 901 599 622 950 
	15 921 180 278 409 489 765 
	16 662 366 43 947 421 78 
	17 356 40 65 761 59 344 
	18 361 524 883 69 987 27 
;
param b := 
	1 2061
	2 1988
	3 1661
	4 2266
	5 1688
	6 1802
;
