data;
param m := 6;
param n := 18;
param k := 6;
param A : 1 2 3 4 5 6 :=
	1 92 357 902 532 569 283 
	2 709 811 685 856 756 380 
	3 386 350 757 202 880 805 
	4 535 484 487 371 756 683 
	5 474 243 70 916 274 104 
	6 545 324 74 35 725 177 
	7 627 282 939 4 23 541 
	8 632 877 842 441 99 785 
	9 954 139 694 877 717 568 
	10 759 83 343 155 633 746 
	11 592 54 730 251 454 188 
	12 359 762 180 885 961 209 
	13 770 386 52 753 254 434 
	14 774 49 842 45 959 367 
	15 799 323 534 996 902 875 
	16 424 597 498 182 116 524 
	17 720 137 993 99 806 380 
	18 475 780 269 573 535 87 
;
param b := 
	1 2214
	2 1467
	3 2061
	4 1703
	5 2171
	6 1695
;
