data;
param m := 6;
param n := 18;
param k := 6;
param A : 1 2 3 4 5 6 :=
	1 294 179 774 547 633 354 
	2 419 494 985 667 532 36 
	3 49 190 51 617 539 362 
	4 969 129 379 67 854 537 
	5 92 898 91 919 511 211 
	6 246 21 119 785 522 264 
	7 190 197 429 568 109 290 
	8 112 76 434 613 26 463 
	9 353 90 563 80 375 516 
	10 74 519 173 99 491 530 
	11 615 396 803 586 563 792 
	12 47 299 598 398 479 29 
	13 526 287 657 915 883 615 
	14 626 792 953 982 542 608 
	15 117 24 879 26 906 304 
	16 256 44 425 739 743 996 
	17 921 666 728 105 930 832 
	18 654 971 541 244 291 470 
;
param b := 
	1 1148
	2 1098
	3 1677
	4 1568
	5 1738
	6 1437
;
