data;
param m := 6;
param n := 18;
param k := 6;
param A : 1 2 3 4 5 6 :=
	1 492 458 243 739 22 164 
	2 900 584 950 169 248 923 
	3 771 760 65 193 467 545 
	4 480 433 662 38 219 315 
	5 980 59 393 684 634 592 
	6 862 440 478 831 595 416 
	7 383 735 202 822 691 112 
	8 552 189 470 382 77 815 
	9 596 528 792 788 298 380 
	10 514 603 247 631 706 409 
	11 652 640 346 305 599 982 
	12 983 630 41 748 262 984 
	13 288 474 308 758 467 173 
	14 211 456 588 838 843 925 
	15 771 532 654 717 979 7 
	16 563 624 39 400 885 591 
	17 100 899 642 391 609 673 
	18 362 982 613 195 440 83 
;
param b := 
	1 1953
	2 1872
	3 1444
	4 1798
	5 1688
	6 1697
;
