data;
param m := 6;
param n := 18;
param k := 6;
param A : 1 2 3 4 5 6 :=
	1 945 260 752 199 42 153 
	2 230 411 49 631 535 307 
	3 37 319 78 699 461 303 
	4 614 978 570 398 885 939 
	5 558 699 822 305 576 226 
	6 0 80 483 456 198 750 
	7 208 982 481 92 80 350 
	8 334 244 551 28 14 918 
	9 426 855 236 819 901 276 
	10 3 346 797 601 824 250 
	11 744 720 637 4 666 457 
	12 704 278 295 1000 628 611 
	13 299 309 649 499 806 767 
	14 47 39 705 332 39 556 
	15 694 223 405 709 618 709 
	16 549 675 698 167 940 65 
	17 953 404 76 440 964 361 
	18 586 130 2 815 677 947 
;
param b := 
	1 1455
	2 1458
	3 1520
	4 1503
	5 1807
	6 1640
;
