data;
param m := 6;
param n := 18;
param k := 6;
param A : 1 2 3 4 5 6 :=
	1 901 676 531 49 849 635 
	2 295 215 807 363 769 393 
	3 231 488 478 87 760 496 
	4 159 95 693 296 525 740 
	5 318 674 639 501 966 169 
	6 437 956 75 456 900 134 
	7 860 103 634 651 484 635 
	8 168 69 768 433 514 57 
	9 84 593 759 922 934 197 
	10 412 821 243 966 129 481 
	11 41 265 281 318 586 256 
	12 381 207 988 343 338 937 
	13 347 208 7 676 890 510 
	14 633 709 86 479 273 89 
	15 290 819 127 754 647 788 
	16 103 473 386 185 753 899 
	17 827 30 297 332 259 434 
	18 974 480 539 110 780 674 
;
param b := 
	1 1654
	2 1747
	3 1849
	4 1756
	5 2518
	6 1890
;
