data;
param m := 6;
param n := 18;
param k := 6;
param A : 1 2 3 4 5 6 :=
	1 298 499 960 874 113 531 
	2 888 102 212 612 76 55 
	3 35 33 336 623 10 927 
	4 700 932 292 409 734 783 
	5 402 136 686 523 744 455 
	6 252 678 417 809 769 110 
	7 642 330 903 404 161 524 
	8 14 453 297 96 755 386 
	9 599 908 14 132 97 660 
	10 76 371 674 395 845 23 
	11 485 804 757 985 469 252 
	12 255 241 453 518 522 272 
	13 350 650 429 214 52 407 
	14 139 825 123 189 503 11 
	15 520 232 769 699 371 154 
	16 675 108 296 572 805 50 
	17 985 306 631 998 582 335 
	18 17 37 355 432 107 274 
;
param b := 
	1 1320
	2 1377
	3 1549
	4 1708
	5 1389
	6 1118
;
