data;
param m := 6;
param n := 18;
param k := 6;
param A : 1 2 3 4 5 6 :=
	1 846 393 178 983 449 157 
	2 400 295 605 469 589 135 
	3 191 478 602 675 400 973 
	4 521 43 569 224 637 655 
	5 292 269 836 162 656 713 
	6 284 456 82 929 740 931 
	7 90 247 419 704 429 10 
	8 535 517 444 167 55 411 
	9 598 598 95 669 976 378 
	10 253 700 228 851 893 280 
	11 951 944 949 956 875 898 
	12 528 270 120 24 186 605 
	13 835 739 923 743 319 603 
	14 173 250 156 739 667 70 
	15 638 159 694 841 705 371 
	16 536 416 870 48 945 245 
	17 39 222 877 456 663 371 
	18 356 527 747 736 548 850 
;
param b := 
	1 1654
	2 1543
	3 1926
	4 2128
	5 2201
	6 1775
;
